4294967294,11
4294967294,68
4294967278,445
4294967278,329
4294967278,357
4294967279,267
4294967278,207
4294967278,206
4294967278,355
4294967278,198
4294967278,180
4294967279,530
4294967278,311
4294967278,344
570,6
570,5
570,4
570,3
570,2
570,1
4294967279,529
4294967278,295
567,4
567,3
567,2
567,1
4294967278,293
4294967279,141
4294967278,291
4294967279,140
566,5
566,4
4294967279,139
566,3
566,2
566,1
4294967278,447
4294967279,269
4294967278,288
4294967278,337
564,6
564,5
564,4
564,3
564,2
564,1
4294967278,290
4294967278,260
4294967279,266
4294967278,257
4294967294,115
4294967279,359
4294967278,359
561,6
561,5
561,4
4294967279,243
561,3
561,2
561,1
4294967294,504
4294967278,289
4294967279,294
4294967279,223
4294967278,326
558,4
558,3
558,2
558,1
4294967279,361
557,4
557,3
557,2
557,1
4294967278,286
4294967279,209
4294967278,208
4294967278,284
556,6
4294967279,528
4294967279,563
556,5
4294967279,201
556,4
556,3
556,2
556,1
4294967279,200
4294967294,1417
4294967294,899
555,5
555,4
555,3
555,2
555,1
4294967294,503
4294967279,184
4294967279,186
554,5
554,4
4294967279,185
554,3
554,2
554,1
4294967278,184
4294967278,183
4294967278,182
4294967279,317
4294967278,181
553,5
553,4
553,3
553,2
553,1
4294967278,177
4294967278,275
4294967279,171
4294967294,395
4294967294,385
4294967294,184
4294967279,166
4294967278,166
551,5
551,4
551,3
551,2
551,1
4294967294,120
4294967279,161
4294967279,291
550,5
550,4
550,3
550,2
550,1
549,4
549,3
549,2
549,1
4294967294,904
4294967294,186
4294967278,435
4294967279,519
4294967279,355
4294967279,273
4294967278,292
4294967279,514
4294967294,1418
4294967294,427
4294967278,431
4294967294,9
4294967279,512
4294967278,347
4294967294,30
4294967294,942
4294967294,941
4294967294,939
4294967294,938
4294967294,933
4294967294,922
4294967294,436
4294967294,318
4294967294,317
4294967294,316
4294967294,315
4294967294,60
4294967279,271
4294967294,50
4294967294,81
4294967279,265
4294967279,264
4294967279,262
4294967279,261
4294967279,275
4294967279,258
4294967279,257
4294967279,256
4294967279,255
4294967278,278
4294967278,258
4294967279,526
4294967279,248
4294967278,132
4294967278,131
4294967278,130
4294967278,129
4294967278,128
4294967278,127
4294967278,126
4294967278,125
4294967278,124
4294967278,122
4294967278,121
4294967278,120
4294967278,119
4294967278,118
4294967278,117
4294967278,116
4294967278,115
4294967278,114
4294967278,113
4294967278,112
4294967278,111
4294967278,110
4294967278,106
4294967278,105
4294967278,104
4294967278,103
4294967278,102
4294967278,101
4294967278,100
4294967278,99
4294967278,98
4294967278,97
4294967278,96
4294967278,95
4294967278,94
4294967278,93
4294967278,92
4294967278,91
4294967278,90
4294967278,89
4294967278,87
4294967278,86
4294967278,85
4294967278,84
4294967278,83
4294967278,82
4294967278,81
4294967278,80
4294967278,79
4294967278,78
4294967278,77
4294967278,73
4294967278,72
4294967278,71
4294967278,70
4294967278,69
4294967278,68
4294967278,67
4294967278,66
4294967278,65
4294967278,64
4294967278,63
4294967278,62
4294967278,61
4294967278,60
4294967278,59
4294967278,58
4294967278,57
4294967278,56
4294967278,55
4294967278,54
4294967278,53
4294967278,52
4294967278,51
4294967278,50
4294967278,49
4294967278,48
4294967278,47
4294967278,46
4294967278,45
4294967278,44
4294967278,43
4294967278,42
4294967278,41
4294967278,40
4294967278,39
4294967278,38
4294967278,37
4294967278,36
4294967278,35
4294967278,34
4294967279,85
4294967279,84
4294967279,83
4294967279,82
4294967279,81
4294967279,80
4294967279,79
4294967279,78
4294967279,77
4294967279,76
4294967279,75
4294967279,74
4294967279,73
4294967279,72
4294967279,71
4294967279,70
4294967279,69
4294967279,68
4294967279,339
4294967279,67
4294967279,66
4294967279,65
4294967279,64
4294967279,63
4294967279,62
4294967279,61
4294967279,60
4294967279,59
4294967279,58
4294967279,57
4294967279,56
4294967279,54
4294967279,52
4294967279,51
4294967279,50
4294967279,49
4294967279,46
4294967279,44
4294967279,43
4294967279,42
4294967279,39
4294967279,38
4294967279,37
4294967279,35
4294967279,32
4294967279,30
4294967279,29
4294967279,27
4294967279,26
4294967279,21
4294967279,19
4294967279,18
4294967279,17
4294967279,16
4294967279,14
4294967279,13
4294967279,12
4294967279,11
4294967279,10
4294967279,9
4294967279,7
4294967279,6
4294967279,5
4294967279,4
4294967278,266
4294967294,451
4294967294,118
4294967294,109
548,6
548,5
4294967279,206
548,4
548,3
548,2
548,1
4294967278,263
4294967278,259
4294967278,256
4294967278,192
545,4
545,3
545,2
545,1
4294967278,382
544,5
544,4
544,3
544,2
544,1
4294967278,300
4294967279,55
4294967279,53
542,6
542,5
542,4
542,3
542,2
542,1
4294967279,48
4294967279,47
4294967279,45
4294967279,36
4294967279,25
4294967279,34
4294967279,33
4294967279,31
4294967279,316
4294967279,28
539,6
539,5
539,4
539,2
539,1
4294967279,285
4294967279,24
4294967279,15
4294967279,23
4294967279,22
4294967294,502
4294967279,20
4294967278,346
4294967279,8
536,4
536,3
536,2
536,1
535,4
535,3
535,2
535,1
534,6
4294967278,446
4294967279,246
534,5
534,4
534,3
534,2
534,1
4294967278,254
4294967278,250
4294967279,320
533,5
4294967278,248
4294967279,247
533,4
533,3
533,2
533,1
4294967294,501
4294967294,108
4294967294,464
4294967279,244
4294967278,444
4294967279,238
4294967278,232
532,5
4294967278,230
532,4
532,3
532,2
532,1
4294967279,333
4294967279,221
531,5
531,4
531,3
531,2
531,1
4294967279,542
529,5
529,4
529,3
529,2
529,1
4294967278,200
528,5
4294967278,196
528,4
528,3
528,2
528,1
4294967278,191
527,4
527,3
527,2
527,1
4294967278,404
4294967279,351
4294967279,242
4294967279,2
4294967279,278
4294967278,383
4294967279,307
4294967278,438
4294967279,281
4294967279,276
4294967278,365
4294967294,966
4294967294,902
4294967294,900
4294967294,898
4294967278,108
4294967279,230
4294967279,228
4294967278,135
4294967279,226
4294967278,426
4294967279,224
4294967278,348
4294967278,234
526,6
526,5
526,4
526,3
526,2
526,1
4294967278,233
4294967279,218
4294967278,424
4294967279,379
4294967278,107
4294967278,392
4294967278,222
4294967279,219
4294967278,214
4294967279,217
4294967278,213
4294967278,212
4294967279,216
4294967279,211
4294967279,210
4294967278,209
523,4
523,3
523,2
523,1
4294967279,208
4294967279,207
4294967278,204
4294967279,202
4294967278,199
4294967279,199
522,5
522,4
522,3
522,2
522,1
4294967278,197
4294967279,196
4294967278,195
4294967278,194
4294967278,193
4294967279,214
4294967294,408
4294967294,453
4294967278,386
4294967278,408
4294967278,272
4294967279,312
4294967279,371
520,6
520,5
520,4
520,3
520,2
520,1
4294967278,381
4294967278,380
4294967278,412
4294967279,374
4294967278,171
4294967279,170
4294967278,308
4294967278,378
4294967278,161
4294967279,319
4294967278,159
517,6
517,5
517,4
517,2
517,1
4294967278,153
4294967294,500
4294967278,436
4294967278,145
4294967279,143
514,4
514,3
514,2
514,1
513,4
513,3
513,2
513,1
512,6
512,5
512,4
512,3
512,2
512,1
4294967278,270
4294967294,387
511,5
511,4
511,3
511,2
511,1
4294967278,377
510,5
4294967278,335
510,4
4294967279,525
510,3
510,2
510,1
4294967278,334
4294967278,370
509,5
509,4
509,3
509,2
509,1
4294967278,441
4294967278,246
4294967278,249
4294967279,518
4294967278,237
4294967278,327
4294967279,517
507,5
507,4
507,3
507,2
507,1
4294967279,352
506,5
506,4
506,3
506,2
506,1
505,4
505,3
505,2
505,1
4294967278,414
4294967294,391
4294967279,513
